leg_id,OKL000171,OKL000267,OKL000180,OKL000254,OKL000172,OKL000193,OKL000197,OKL000186,OKL000167,OKL000200,OKL000257,OKL000183,OKL000065,OKL000201,OKL000185,OKL000190,OKL000261,OKL000187,OKL000256,OKL000203,OKL000178,OKL000198,OKL000165,OKL000184,OKL000191,OKL000264,OKL000194,OKL000259,OKL000195,OKL000202,OKL000265,OKL000188,OKL000253,OKL000266,OKL000189,OKL000260,OKL000169,OKL000096,OKL000166,OKL000058,OKL000116,OKL000066,OKL000093,OKL000051,OKL000064,OKL000103,OKL000086,OKL000074,OKL000092,OKL000115,OKL000056,OKL000123,OKL000090,OKL000109,OKL000146,OKL000108,OKL000132,OKL000143,OKL000125,OKL000118,OKL000111,OKL000121,OKL000098,OKL000060,OKL000104,OKL000105,OKL000087,OKL000113,OKL000054,OKL000124,OKL000126,OKL000057,OKL000100,OKL000106,OKL000133,OKL000077,OKL000134,OKL000149,OKL000082,OKL000174,OKL000130,OKL000061,OKL000084,OKL000097,OKL000110,OKL000127,OKL000147,OKL000055,OKL000062,OKL000129,OKL000140,OKL000075,OKL000063,OKL000072,OKL000089,OKL000107,OKL000069,OKL000059,OKL000144,OKL000081
OKL000171,1.0,0.84,0.8470588235294118,0.8390804597701149,0.8253012048192772,0.8497109826589595,0.8208092485549133,0.8850574712643678,0.7951807228915663,0.9011627906976745,0.7426900584795322,0.8554913294797688,0.8490566037735849,0.8263473053892215,0.8424242424242424,0.8571428571428571,0.9096774193548387,0.8553459119496856,0.8693181818181818,0.8757062146892656,0.8171428571428572,0.8342857142857143,0.7660818713450293,0.8253012048192772,0.783625730994152,0.9302325581395349,0.8433734939759037,0.8641975308641975,0.8390804597701149,0.8352272727272727,0.7848837209302325,0.815028901734104,0.8285714285714286,0.861271676300578,0.815028901734104,x,0.875,0.8275862068965517,0.84,0.8712121212121212,0.8869047619047619,0.7885714285714286,0.8587570621468926,0.8260869565217391,0.823076923076923,0.8473282442748091,0.8554913294797688,0.8292682926829268,0.875,0.864406779661017,0.8920454545454546,0.8598726114649682,0.9185185185185185,0.8520710059171598,0.8588235294117647,0.8546511627906976,0.8888888888888888,0.8125,0.884393063583815,0.8853503184713376,0.8579545454545454,0.725609756097561,0.8418079096045198,0.8926553672316384,0.8409090909090909,0.7231638418079096,0.7942857142857143,0.8497109826589595,0.8944099378881988,0.8451612903225807,0.8192771084337349,0.8342857142857143,0.8521739130434782,0.8452380952380952,0.8461538461538461,0.8514285714285714,0.8903225806451613,0.8392857142857143,0.8936170212765957,0.8024691358024691,0.875,0.8579881656804734,0.8176470588235294,0.9448275862068966,0.8773006134969326,0.8372093023255814,0.821917808219178,0.76,0.8313253012048193,0.89171974522293,0.8581081081081081,0.807909604519774,0.8461538461538461,0.9078947368421053,0.8598726114649682,0.7727272727272727,0.8689655172413793,0.844311377245509,0.9390243902439024,0.875
OKL000267,0.84,1.0,0.848,0.9048543689320389,0.9287305122494433,0.9140625,0.9368635437881874,0.7701375245579568,0.8755274261603375,0.7597535934291582,0.8412698412698413,0.9352941176470588,0.8947368421052632,0.9315673289183223,0.9186507936507936,0.9119373776908023,0.7831325301204819,0.9069264069264069,0.8401559454191033,0.8326848249027238,0.8877952755905512,0.907843137254902,0.8792079207920792,0.9161554192229039,0.9041095890410958,0.843687374749499,0.931958762886598,0.6451612903225806,0.9076305220883534,0.896,0.8937007874015748,0.8886554621848739,0.933852140077821,0.9373737373737374,0.9071146245059288,x,0.9078651685393259,0.9065040650406504,0.9343544857768052,0.9175824175824175,0.8600823045267489,0.9089147286821705,0.9307692307692308,0.9032921810699589,0.9125475285171103,0.7513966480446927,0.9191321499013807,0.9023354564755839,0.7951002227171492,0.763671875,0.8382642998027613,0.9125560538116592,0.813953488372093,0.918918918918919,0.9190371991247265,0.9194499017681729,0.6627906976744186,0.9190751445086706,0.8071278825995807,0.7782705099778271,0.9298245614035088,0.8237885462555066,0.9147286821705426,0.8485436893203884,0.9092702169625246,0.842911877394636,0.875,0.9103585657370518,0.7747747747747747,0.9096509240246407,0.8896713615023474,0.9215686274509803,0.7243401759530792,0.906183368869936,0.7527114967462039,0.873046875,0.8421052631578947,0.9096385542168675,0.8175519630484989,0.92,0.9227642276422764,0.9123505976095617,0.9203187250996016,0.8066037735849056,0.9261744966442953,0.93158953722334,0.8817204301075269,0.8824701195219123,0.8723404255319149,0.8275862068965517,0.9160997732426304,0.9229249011857708,0.8946188340807175,0.8168316831683168,0.9043062200956937,0.9189723320158103,0.9312796208530806,0.9415322580645161,0.7493112947658402,0.7909270216962525
OKL000180,0.8470588235294118,0.848,1.0,0.8537549407114624,0.865296803652968,0.8782435129740519,0.8541666666666666,0.850597609561753,0.789247311827957,0.8305439330543933,0.7670682730923695,0.8922155688622755,0.8725701943844493,0.8632286995515696,0.8646464646464647,0.8747514910536779,0.8525798525798526,0.8876651982378855,0.9284294234592445,0.9128712871287129,0.838,0.848,0.804040404040404,0.8627858627858628,0.8363273453093812,0.8985801217038539,0.88,0.7180327868852459,0.8597560975609756,0.8489795918367347,0.8273092369477911,0.8297872340425532,0.871031746031746,0.8515463917525773,0.8407258064516129,x,0.8656036446469249,0.8488612836438924,0.8663697104677061,0.8913649025069638,0.9117647058823529,0.8379446640316206,0.8823529411764706,0.842436974789916,0.9140625,0.8352272727272727,0.8755020080321285,0.8376623376623377,0.9138321995464853,0.8306772908366534,0.9056224899598394,0.8656036446469249,0.8865248226950354,0.8895966029723992,0.8975501113585747,0.894,0.7605633802816901,0.8799212598425197,0.8876889848812095,0.8747152619589977,0.8884462151394422,0.740990990990991,0.8560157790927022,0.9168316831683169,0.8752515090543259,0.7578125,0.802020202020202,0.8495934959349594,0.864367816091954,0.8406708595387841,0.8507109004739336,0.88,0.808955223880597,0.8673913043478261,0.8366445916114791,0.852589641434263,0.9247572815533981,0.8757637474541752,0.9028436018957346,0.8528138528138528,0.8858921161825726,0.8785425101214575,0.8417849898580122,0.8657074340527577,0.8789954337899544,0.8729508196721312,0.8144104803493449,0.789795918367347,0.8344226579520697,0.8845265588914549,0.8981481481481481,0.8390342052313883,0.8639455782312925,0.8992443324937027,0.9019607843137255,0.8323232323232324,0.8737864077669902,0.8395061728395061,0.8222222222222222,0.868
OKL000254,0.8390804597701149,0.9048543689320389,0.8537549407114624,1.0,0.915929203539823,0.9359223300970874,0.9068825910931174,0.7976653696498055,0.8479166666666667,0.7775510204081633,0.8333333333333334,0.9262135922330097,0.9225941422594143,0.9152173913043479,0.9607072691552063,0.9264990328820116,0.8066825775656324,0.9379014989293362,0.8571428571428571,0.8535645472061657,0.884990253411306,0.9087378640776699,0.8529411764705882,0.8963414634146342,0.8723404255319149,0.8591269841269841,0.9100204498977505,0.6708860759493671,0.9047619047619048,0.9089108910891089,0.8929961089494164,0.8711018711018711,0.930635838150289,0.914,0.90234375,x,0.9244444444444444,0.9195171026156942,0.91792656587473,0.9239130434782609,0.8913934426229508,0.9059500959692899,0.9561904761904761,0.8617886178861789,0.9382239382239382,0.7715877437325905,0.935546875,0.8865546218487395,0.8149779735682819,0.7833655705996132,0.869140625,0.8913525498891353,0.836027713625866,0.9444444444444444,0.9457700650759219,0.9319066147859922,0.7,0.9314285714285714,0.8232848232848233,0.801762114537445,0.9284332688588007,0.811816192560175,0.9193857965451055,0.8788461538461538,0.9337231968810916,0.8159392789373814,0.8607843137254902,0.9015748031496063,0.8066666666666666,0.9065040650406504,0.8932714617169374,0.9223300970873787,0.7259475218658892,0.9216101694915254,0.7746781115879828,0.8706563706563707,0.8642857142857143,0.9384920634920635,0.8329519450800915,0.9056603773584906,0.9455645161290323,0.9350393700787402,0.893491124260355,0.8337236533957846,0.9358407079646017,0.9143426294820717,0.8765957446808511,0.8514851485148515,0.893305439330544,0.8600451467268623,0.9261744966442953,0.9178082191780822,0.9269911504424779,0.8288508557457213,0.9239904988123515,0.907843137254902,0.9386792452830188,0.9183266932270916,0.7777777777777778,0.822265625
OKL000172,0.8253012048192772,0.9287305122494433,0.865296803652968,0.915929203539823,1.0,0.9354120267260579,0.9272727272727272,0.7901785714285714,0.8671497584541062,0.7735849056603774,0.8590604026845637,0.9309576837416481,0.9004854368932039,0.9143576826196473,0.9251700680272109,0.9175946547884187,0.7823691460055097,0.9245742092457421,0.8381374722838137,0.8425720620842572,0.9282511210762332,0.9242761692650334,0.8761261261261262,0.9134396355353075,0.9017857142857143,0.85,0.927400468384075,0.6617647058823529,0.9243119266055045,0.9096916299559471,0.8948545861297539,0.9069212410501193,0.9469026548672567,0.9243119266055045,0.9168539325842696,x,0.9138381201044387,0.9234234234234234,0.9418886198547215,0.9138461538461539,0.8702830188679245,0.9249448123620309,0.9343544857768052,0.9014084507042254,0.9361702127659575,0.7714285714285715,0.9308035714285714,0.908433734939759,0.8041237113402062,0.7871396895787139,0.8587443946188341,0.9056122448979592,0.8244274809160306,0.9252336448598131,0.9346246973365617,0.9308035714285714,0.6878306878306878,0.9406593406593406,0.8125,0.7678571428571429,0.9315673289183223,0.8410757946210269,0.9142857142857143,0.8577680525164114,0.9397321428571429,0.8322440087145969,0.8808988764044944,0.9027149321266968,0.8024691358024691,0.9317647058823529,0.889763779527559,0.9153674832962138,0.7022653721682848,0.9164619164619164,0.7684729064039408,0.86,0.8560411311053985,0.9318181818181818,0.8257372654155496,0.9090909090909091,0.9350348027842227,0.9149888143176734,0.9251700680272109,0.8267716535433071,0.9307692307692308,0.9310344827586207,0.8918918918918919,0.8703296703296703,0.8992628992628993,0.8418367346938775,0.9191176470588235,0.927765237020316,0.9097744360902256,0.8131868131868132,0.9057591623036649,0.9300225733634312,0.9206349206349206,0.9400921658986175,0.7723076923076924,0.8070953436807096
OKL000193,0.8497109826589595,0.9140625,0.8782435129740519,0.9359223300970874,0.9354120267260579,1.0,0.9205702647657841,0.7897838899803536,0.854122621564482,0.7665289256198347,0.8297029702970297,0.9313725490196079,0.9260042283298098,0.922566371681416,0.9345238095238095,0.951171875,0.8043478260869565,0.9567099567099567,0.8499025341130604,0.8501945525291829,0.8976377952755905,0.9099804305283757,0.8611111111111112,0.9100204498977505,0.884313725490196,0.86,0.9175257731958762,0.6528662420382165,0.9098196392785571,0.93,0.8860510805500982,0.9012605042016807,0.9552529182879378,0.9133064516129032,0.9150197628458498,x,0.9239373601789709,0.9393939393939394,0.9235807860262009,0.9346049046321526,0.8944099378881988,0.9089147286821705,0.9634615384615385,0.8850102669404517,0.9346153846153846,0.7696629213483146,0.9368836291913215,0.8957446808510638,0.8173719376391982,0.779296875,0.8678500986193294,0.9105145413870246,0.8302325581395349,0.9565217391304348,0.9517543859649122,0.9372549019607843,0.6853146853146853,0.9555984555984556,0.8227848101265823,0.7924107142857143,0.9453125,0.8083700440528634,0.9263565891472868,0.8796116504854369,0.9408284023668639,0.8084291187739464,0.8591269841269841,0.9203187250996016,0.8018018018018018,0.9158110882956879,0.92018779342723,0.9333333333333333,0.7317784256559767,0.9339019189765458,0.7737068965517241,0.8671875,0.8650602409638555,0.9598393574297188,0.8302752293577982,0.913135593220339,0.9512195121951219,0.9641434262948207,0.9145129224652088,0.8231132075471698,0.946067415730337,0.9294354838709677,0.8758029978586723,0.8483033932135728,0.9,0.8623853211009175,0.9345372460496614,0.9130434782608695,0.9351230425055929,0.8251231527093597,0.9350961538461539,0.9089108910891089,0.9498806682577565,0.9212121212121213,0.7698630136986301,0.8165680473372781
OKL000197,0.8208092485549133,0.9368635437881874,0.8541666666666666,0.9068825910931174,0.9272727272727272,0.9205702647657841,1.0,0.773469387755102,0.8681318681318682,0.7543103448275862,0.8621399176954733,0.9346938775510204,0.9050772626931567,0.9350348027842227,0.9109730848861284,0.9102040816326531,0.7657430730478589,0.905829596412556,0.8333333333333334,0.8377281947261663,0.9158110882956879,0.9122448979591836,0.871900826446281,0.9336188436830836,0.9141104294478528,0.8354166666666667,0.9526881720430107,0.6323024054982818,0.9144050104384134,0.89375,0.9137577002053389,0.8925438596491229,0.9310344827586207,0.9308176100628931,0.9134020618556701,x,0.9152941176470588,0.9071729957805907,0.925601750547046,0.9244186046511628,0.8660907127429806,0.9151515151515152,0.9238476953907816,0.907725321888412,0.9111969111969112,0.7436619718309859,0.9075975359342916,0.8978260869565218,0.7925407925407926,0.7667342799188641,0.837782340862423,0.9086651053864169,0.8155339805825242,0.9268817204301075,0.9243119266055045,0.9120654396728016,0.6546762589928058,0.9317269076305221,0.8,0.7655172413793103,0.9127789046653144,0.8198614318706697,0.9292929292929293,0.8441295546558705,0.9241803278688525,0.8403193612774451,0.8698347107438017,0.9085239085239085,0.7825059101654847,0.924892703862661,0.8777506112469438,0.9243353783231084,0.6993865030674846,0.9129464285714286,0.7584650112866818,0.8676171079429735,0.8337349397590361,0.9140461215932913,0.8096385542168675,0.918141592920354,0.923728813559322,0.9147609147609148,0.9233954451345756,0.7990074441687345,0.9223529411764706,0.9432773109243697,0.8946188340807175,0.8893528183716075,0.8708240534521158,0.8210023866348448,0.9192399049881235,0.9362139917695473,0.8990610328638498,0.7913486005089059,0.914572864321608,0.9279835390946503,0.924812030075188,0.9409282700421941,0.7369942196531792,0.7926078028747433
OKL000186,0.8850574712643678,0.7701375245579568,0.850597609561753,0.7976653696498055,0.7901785714285714,0.7897838899803536,0.773469387755102,1.0,0.7441860465116279,0.891170431211499,0.7242063492063492,0.7956777996070727,0.8076109936575053,0.7676991150442478,0.803960396039604,0.8140900195694716,0.8792270531400966,0.8146551724137931,0.869140625,0.8693957115009746,0.7731755424063116,0.7996070726915521,0.753968253968254,0.7684426229508197,0.7544204322200393,0.8922155688622755,0.768595041322314,0.8290322580645161,0.7915831663326653,0.7604790419161677,0.757396449704142,0.7668067226890757,0.7855750487329435,0.804040404040404,0.7801980198019802,x,0.8277404921700223,0.774390243902439,0.8122270742358079,0.8005540166204986,0.865424430641822,0.7708737864077669,0.8053949903660886,0.7608247422680412,0.833976833976834,0.8916666666666667,0.8244575936883629,0.7906976744186046,0.8619153674832962,0.8747553816046967,0.8796844181459567,0.8004484304932735,0.8744186046511628,0.8100208768267223,0.8087912087912088,0.8248031496062992,0.8352668213457076,0.793036750483559,0.842436974789916,0.8657718120805369,0.80859375,0.698237885462555,0.8077669902912621,0.8657587548638133,0.7948717948717948,0.727447216890595,0.7559523809523809,0.8147410358565738,0.8626126126126126,0.7864476386036962,0.7835294117647059,0.8117647058823529,0.8289085545722714,0.8068669527896996,0.8717391304347826,0.7984344422700587,0.8752997601918465,0.7806841046277666,0.9189814814814815,0.7749469214437368,0.814663951120163,0.7964071856287425,0.7704590818363274,0.8699763593380615,0.820627802690583,0.7858585858585858,0.7607758620689655,0.742,0.7919320594479831,0.8718535469107551,0.8122171945701357,0.7742574257425743,0.7941834451901566,0.8759305210918115,0.8245192307692307,0.7663366336633664,0.7928571428571428,0.7732793522267206,0.8931506849315068,0.9031620553359684
OKL000167,0.7951807228915663,0.8755274261603375,0.789247311827957,0.8479166666666667,0.8671497584541062,0.854122621564482,0.8681318681318682,0.7441860465116279,1.0,0.7346491228070176,0.9193205944798302,0.8312236286919831,0.8022727272727272,0.8416075650118203,0.8407643312101911,0.8312236286919831,0.7349081364829396,0.823394495412844,0.7710084033613446,0.7719665271966527,0.8921775898520085,0.8631578947368421,0.8824786324786325,0.8687089715536105,0.879746835443038,0.7677419354838709,0.8314855875831486,0.6484641638225256,0.8642241379310345,0.8728448275862069,0.8970588235294118,0.9183673469387755,0.8643006263048016,0.8842794759825328,0.8792372881355932,x,0.8243559718969555,0.8681318681318682,0.8726415094339622,0.8414634146341463,0.7790178571428571,0.8789144050104384,0.8409090909090909,0.8893805309734514,0.8860759493670886,0.7570093457943925,0.8520084566596194,0.8390022675736961,0.7641509433962265,0.7656903765690377,0.7834394904458599,0.8432304038004751,0.754950495049505,0.8187919463087249,0.8242280285035629,0.8227848101265823,0.675,0.8651452282157677,0.7450980392156863,0.7264150943396226,0.8445378151260504,0.9136690647482014,0.8757763975155279,0.7782426778242678,0.8425531914893617,0.8742268041237113,0.9189765458422174,0.8540772532188842,0.7292682926829268,0.8650442477876106,0.8488664987405542,0.8610526315789474,0.6878787878787879,0.8458049886621315,0.7270588235294118,0.842436974789916,0.7952755905511811,0.8376623376623377,0.7814070351758794,0.8778801843317973,0.8213507625272332,0.8344086021505376,0.9010752688172043,0.739240506329114,0.8269230769230769,0.8521739130434782,0.9134396355353075,0.9028077753779697,0.8183856502242153,0.7688564476885644,0.8206388206388207,0.8895833333333333,0.8014354066985646,0.7539267015706806,0.8067010309278351,0.8931623931623932,0.8324873096446701,0.8763557483731019,0.6831395348837209,0.772823779193206
OKL000200,0.9011627906976745,0.7597535934291582,0.8305439330543933,0.7775510204081633,0.7735849056603774,0.7665289256198347,0.7543103448275862,0.891170431211499,0.7346491228070176,1.0,0.698744769874477,0.7818930041152263,0.7925764192139738,0.7703016241299304,0.7845188284518828,0.7893660531697342,0.9181141439205955,0.7881548974943052,0.8562628336755647,0.8673469387755102,0.7479338842975206,0.7987679671457906,0.7416666666666667,0.75,0.7479338842975206,0.89937106918239,0.7396963123644251,0.867595818815331,0.7705263157894737,0.7531645569620253,0.7448132780082988,0.7543478260869565,0.7591836734693878,0.772823779193206,0.7515527950310559,x,0.812206572769953,0.7516059957173448,0.7764976958525346,0.7832369942196532,0.8521739130434782,0.7556008146639511,0.7773279352226721,0.7473002159827213,0.8178294573643411,0.8793103448275862,0.797938144329897,0.7745535714285714,0.8524590163934426,0.864476386036961,0.878099173553719,0.7822014051522248,0.8842364532019704,0.7903930131004366,0.7837209302325582,0.8037190082644629,0.8846153846153846,0.7728194726166329,0.8473451327433629,0.88558352402746,0.7950819672131147,0.6828703703703703,0.7755102040816326,0.8752556237218814,0.7793814432989691,0.7096774193548387,0.7348643006263048,0.792016806722689,0.8729411764705882,0.7619047619047619,0.7677261613691931,0.8,0.8424242424242424,0.7884187082405345,0.8812785388127854,0.7823408624229979,0.8705583756345178,0.7631027253668763,0.8948655256723717,0.7605321507760532,0.7901498929336188,0.7714884696016772,0.750524109014675,0.907035175879397,0.7863849765258216,0.777542372881356,0.744874715261959,0.7257383966244726,0.76,0.8716707021791767,0.7889688249400479,0.7535934291581109,0.8018867924528302,0.896640826873385,0.8126582278481013,0.75,0.7722772277227723,0.7484143763213531,0.9186046511627907,0.9064449064449065
OKL000257,0.7426900584795322,0.8412698412698413,0.7670682730923695,0.8333333333333334,0.8590604026845637,0.8297029702970297,0.8621399176954733,0.7242063492063492,0.9193205944798302,0.698744769874477,1.0,0.8095238095238095,0.7901498929336188,0.8044444444444444,0.814,0.8181818181818182,0.7163814180929096,0.8173913043478261,0.7416173570019724,0.7283464566929134,0.8946322067594433,0.8396039603960396,0.8677354709418837,0.8553719008264463,0.8735177865612648,0.738430583501006,0.8242677824267782,0.625,0.840080971659919,0.8689516129032258,0.9089108910891089,0.8940677966101694,0.8484251968503937,0.8492871690427699,0.866,x,0.8009049773755657,0.8501026694045175,0.8502202643171806,0.8151260504201681,0.7682672233820459,0.8745098039215686,0.8287937743190662,0.8645833333333334,0.8700787401574803,0.7211267605633803,0.8343313373253493,0.8290598290598291,0.7313769751693002,0.7509881422924901,0.7564870259481038,0.8261851015801355,0.752913752913753,0.8067226890756303,0.8048780487804879,0.8035714285714286,0.6433566433566433,0.84765625,0.7106382978723405,0.6968325791855203,0.8165680473372781,0.941834451901566,0.8571428571428571,0.75049115913556,0.8323353293413174,0.9069767441860465,0.896,0.8165322580645161,0.7181818181818181,0.8692946058091287,0.8452380952380952,0.8297029702970297,0.6666666666666666,0.8279569892473119,0.7017543859649122,0.8264299802761341,0.7664233576642335,0.823170731707317,0.7429906542056075,0.8540772532188842,0.8193018480492813,0.8125,0.875,0.719047619047619,0.8054298642533937,0.8130081300813008,0.8943965517241379,0.9252525252525252,0.8047210300429185,0.7333333333333333,0.8,0.876,0.7813211845102506,0.74,0.7879518072289157,0.8937875751503006,0.8177458033573142,0.8530612244897959,0.6847826086956522,0.7375745526838966
OKL000183,0.8554913294797688,0.9352941176470588,0.8922155688622755,0.9262135922330097,0.9309576837416481,0.9313725490196079,0.9346938775510204,0.7956777996070727,0.8312236286919831,0.7818930041152263,0.8095238095238095,1.0,0.9323467230443975,0.9580573951434879,0.9384920634920635,0.92578125,0.8067632850241546,0.9310344827586207,0.8791423001949318,0.8696498054474708,0.8919449901768173,0.9098039215686274,0.8472222222222222,0.919917864476386,0.8943248532289628,0.8657314629258517,0.9669421487603306,0.6645367412140575,0.9198396793587175,0.894,0.8720472440944882,0.8682008368200836,0.9378640776699029,0.9274193548387096,0.8932806324110671,x,0.9325842696629213,0.9026369168356998,0.9301310043668122,0.945054945054945,0.9055441478439425,0.8972868217054264,0.95,0.8850102669404517,0.9457364341085271,0.7556179775280899,0.9211045364891519,0.9023354564755839,0.8191964285714286,0.78125,0.8678500986193294,0.9174107142857143,0.8434579439252337,0.9458333333333333,0.9494505494505494,0.9411764705882353,0.6883720930232559,0.9382239382239382,0.8435517970401691,0.8035714285714286,0.939453125,0.7792494481236203,0.9244186046511628,0.883495145631068,0.9429133858267716,0.7931034482758621,0.8415841584158416,0.900398406374502,0.8130630630630631,0.8973305954825462,0.8764568764568764,0.9254901960784314,0.7522123893805309,0.9171974522292994,0.7866379310344828,0.880859375,0.8722891566265061,0.9397590361445783,0.836405529953917,0.9194915254237288,0.9470468431771895,0.9362549800796812,0.896414342629482,0.8432304038004751,0.9595505617977528,0.959758551307847,0.8602150537634409,0.836,0.8942917547568711,0.8669724770642202,0.9478458049886621,0.9171597633136095,0.9191011235955057,0.8411910669975186,0.9399038461538461,0.902970297029703,0.9357142857142857,0.9294354838709677,0.7768595041322314,0.8188976377952756
OKL000065,0.8490566037735849,0.8947368421052632,0.8725701943844493,0.9225941422594143,0.9004854368932039,0.9260042283298098,0.9050772626931567,0.8076109936575053,0.8022727272727272,0.7925764192139738,0.7901498929336188,0.9323467230443975,1.0,0.9168646080760094,0.9394572025052192,0.9386892177589852,0.826530612244898,0.9527027027027027,0.8613445378151261,0.870020964360587,0.8604651162790697,0.9027484143763214,0.828693790149893,0.8864142538975501,0.8538135593220338,0.8731182795698925,0.9017857142857143,0.6907216494845361,0.89587852494577,0.8744588744588745,0.8617021276595744,0.8482142857142857,0.9203354297693921,0.8888888888888888,0.881104033970276,x,0.9495192307692307,0.8857142857142857,0.9101654846335697,0.9526627218934911,0.912751677852349,0.8702928870292888,0.9399585921325052,0.8574610244988864,0.9349593495934959,0.7964601769911505,0.9234042553191489,0.8883826879271071,0.8240963855421687,0.7869198312236287,0.8720682302771855,0.883495145631068,0.8614609571788413,0.9640449438202248,0.9616306954436451,0.951271186440678,0.6907730673316709,0.9147609147609148,0.8386363636363636,0.8222748815165877,0.9411764705882353,0.7542168674698795,0.9142259414225942,0.8930817610062893,0.9344608879492601,0.7871900826446281,0.8240343347639485,0.9137931034482759,0.821256038647343,0.8797327394209354,0.885286783042394,0.9090909090909091,0.7383177570093458,0.929384965831435,0.7958236658932715,0.8459915611814346,0.8736842105263158,0.9481641468682506,0.835820895522388,0.8886363636363637,0.9563318777292577,0.9375,0.8642241379310345,0.8449612403100775,0.9512195121951219,0.9106753812636166,0.8372093023255814,0.8225108225108225,0.9032258064516129,0.8709677419354839,0.9385749385749386,0.8869936034115139,0.9421686746987952,0.8430851063829787,0.9368421052631579,0.8782051282051282,0.9323308270676691,0.8943965517241379,0.7891566265060241,0.8315565031982942
OKL000201,0.8263473053892215,0.9315673289183223,0.8632286995515696,0.9152173913043479,0.9143576826196473,0.922566371681416,0.9350348027842227,0.7676991150442478,0.8416075650118203,0.7703016241299304,0.8044444444444444,0.9580573951434879,0.9168646080760094,1.0,0.9261744966442953,0.9162995594713657,0.7851239669421488,0.9197080291970803,0.849015317286652,0.8496732026143791,0.8982300884955752,0.9052863436123348,0.8333333333333334,0.9061784897025171,0.8830022075055187,0.8371040723981901,0.9443155452436195,0.6642599277978339,0.9147982062780269,0.8868778280542986,0.8738938053097345,0.8752941176470588,0.9299781181619255,0.918552036199095,0.9028697571743929,x,0.928395061728395,0.8963133640552995,0.9215686274509803,0.9296636085626911,0.877030162412993,0.8976034858387799,0.937365010799136,0.8868360277136259,0.9456066945606695,0.742671009771987,0.9133333333333333,0.8954869358669834,0.7985074626865671,0.7714285714285715,0.8486842105263158,0.9065656565656566,0.8015873015873016,0.9393939393939394,0.9552238805970149,0.9312638580931264,0.6623376623376623,0.935064935064935,0.8032786885245902,0.7969924812030075,0.9383259911894273,0.7910447761194029,0.9199134199134199,0.8649237472766884,0.9355555555555556,0.7974137931034483,0.8355555555555556,0.9103139013452914,0.7755610972568578,0.8930232558139535,0.8586118251928021,0.9190371991247265,0.7331081081081081,0.9251207729468599,0.7609756097560976,0.8533916849015317,0.8536585365853658,0.9290465631929047,0.8172323759791122,0.9152941176470588,0.9310344827586207,0.9217002237136466,0.8993288590604027,0.8346666666666667,0.9509803921568627,0.9755011135857461,0.8668280871670703,0.8461538461538461,0.8912529550827423,0.8380462724935732,0.924433249370277,0.9198218262806236,0.9213759213759214,0.8161559888579387,0.9268929503916449,0.9024390243902439,0.9295392953929539,0.9345372460496614,0.7396825396825397,0.8070953436807096
OKL000185,0.8424242424242424,0.9186507936507936,0.8646464646464647,0.9607072691552063,0.9251700680272109,0.9345238095238095,0.9109730848861284,0.803960396039604,0.8407643312101911,0.7845188284518828,0.814,0.9384920634920635,0.9394572025052192,0.9261744966442953,1.0,0.9287128712871288,0.8088235294117647,0.9401709401709402,0.8619329388560157,0.8681102362204725,0.878727634194831,0.9146825396825397,0.8617234468937875,0.9028925619834711,0.8656126482213439,0.8666666666666667,0.9225941422594143,0.6818181818181818,0.9168356997971603,0.8987854251012146,0.8846918489065606,0.8598726114649682,0.9350393700787402,0.9202453987730062,0.904,x,0.927437641723356,0.8993839835728953,0.9312638580931264,0.9387186629526463,0.897489539748954,0.9019607843137255,0.9494163424124513,0.8729166666666667,0.948,0.7840909090909091,0.9462151394422311,0.9073275862068966,0.8099547511312217,0.7964426877470355,0.8642714570858283,0.8977272727272727,0.8356807511737089,0.959915611814346,0.9599109131403119,0.9523809523809523,0.6957547169811321,0.935546875,0.8251599147121536,0.8049886621315193,0.9408284023668639,0.7897091722595079,0.9294117647058824,0.8781925343811395,0.9382470119521913,0.8023255813953488,0.8554216867469879,0.9235412474849095,0.8113636363636364,0.9022869022869023,0.8883610451306413,0.9247524752475248,0.7172619047619048,0.9310344827586207,0.7916666666666666,0.8735177865612648,0.8609756097560975,0.9491869918699187,0.8430913348946136,0.9182795698924732,0.9590163934426229,0.9354838709677419,0.8870967741935484,0.8345323741007195,0.9569160997732427,0.9266802443991853,0.8630434782608696,0.8424242424242424,0.9032258064516129,0.8604651162790697,0.9331797235023042,0.908183632734531,0.9295454545454546,0.8270676691729323,0.9296116504854369,0.892,0.9424460431654677,0.9100204498977505,0.7805555555555556,0.8243512974051896
OKL000190,0.8571428571428571,0.9119373776908023,0.8747514910536779,0.9264990328820116,0.9175946547884187,0.951171875,0.9102040816326531,0.8140900195694716,0.8312236286919831,0.7893660531697342,0.8181818181818182,0.92578125,0.9386892177589852,0.9162995594713657,0.9287128712871288,1.0,0.8257756563245824,0.9460043196544277,0.8521400778210116,0.8563106796116505,0.888015717092338,0.916015625,0.8478260869565217,0.8795918367346939,0.8786692759295499,0.8642714570858283,0.9051546391752577,0.6784565916398714,0.9,0.908183632734531,0.8725490196078431,0.8739669421487604,0.9281553398058252,0.903420523138833,0.9053254437869822,x,0.930648769574944,0.920892494929006,0.925764192139738,0.9258241758241759,0.9028925619834711,0.9052224371373307,0.9481765834932822,0.860655737704918,0.9239543726235742,0.7796143250688705,0.9311023622047244,0.8919491525423728,0.8195991091314031,0.7738791423001949,0.8681102362204725,0.8970917225950783,0.8468677494199536,0.9522821576763485,0.9517543859649122,0.9393346379647749,0.7113163972286374,0.9423076923076923,0.8235294117647058,0.8129175946547884,0.9376218323586745,0.7898230088495575,0.9206963249516441,0.877906976744186,0.9330708661417323,0.8107074569789675,0.8379446640316206,0.9067460317460317,0.8185840707964602,0.9098360655737705,0.9124423963133641,0.9295499021526419,0.7376093294460642,0.9323467230443975,0.790948275862069,0.8463035019455253,0.8698795180722891,0.93812375249501,0.8317972350230415,0.8964059196617337,0.9471544715447154,0.9424603174603174,0.8926441351888668,0.839622641509434,0.9395973154362416,0.9116465863453815,0.8568376068376068,0.8363273453093812,0.913135593220339,0.8792710706150342,0.9342403628117913,0.903353057199211,0.9242761692650334,0.8349753694581281,0.9330143540669856,0.9031620553359684,0.9358669833729216,0.9173387096774194,0.7912087912087912,0.8228346456692913
OKL000261,0.9096774193548387,0.7831325301204819,0.8525798525798526,0.8066825775656324,0.7823691460055097,0.8043478260869565,0.7657430730478589,0.8792270531400966,0.7349081364829396,0.9181141439205955,0.7163814180929096,0.8067632850241546,0.826530612244898,0.7851239669421488,0.8088235294117647,0.8257756563245824,1.0,0.8284960422163589,0.8822115384615384,0.891566265060241,0.7597087378640777,0.8111380145278451,0.7634146341463415,0.7729591836734694,0.7627118644067796,0.9195121951219513,0.7735368956743003,0.8451882845188284,0.7858880778588808,0.7851851851851852,0.7615571776155717,0.7686567164179104,0.7947494033412887,0.7920792079207921,0.7799511002444988,x,0.8489010989010989,0.7788944723618091,0.7956989247311828,0.8052805280528053,0.8791773778920309,0.7649880095923262,0.8194774346793349,0.7575757575757576,0.8425531914893617,0.8694267515923567,0.8248175182481752,0.7879581151832461,0.8602150537634409,0.8671497584541062,0.910411622276029,0.7956403269754768,0.9046242774566474,0.8226221079691517,0.8314917127071824,0.8442822384428224,0.837465564738292,0.7976190476190477,0.8730569948186528,0.8790322580645161,0.8277511961722488,0.7107438016528925,0.8009592326139089,0.9038461538461539,0.8019323671497585,0.7257683215130024,0.7482014388489209,0.8229665071770335,0.90633608815427,0.7686375321336761,0.8065395095367848,0.8150851581508516,0.8229166666666666,0.8267716535433071,0.8840970350404312,0.785024154589372,0.9219219219219219,0.7970297029702971,0.9226361031518625,0.7760416666666666,0.8271604938271605,0.8201970443349754,0.7733990147783252,0.9253731343283582,0.8189189189189189,0.7835820895522388,0.76,0.7407407407407407,0.8031496062992126,0.9011299435028248,0.8153409090909091,0.7658536585365854,0.8379120879120879,0.9135802469135802,0.8477611940298507,0.7536585365853659,0.8057142857142857,0.7720588235294118,0.928082191780822,0.9073170731707317
OKL000187,0.8553459119496856,0.9069264069264069,0.8876651982378855,0.9379014989293362,0.9245742092457421,0.9567099567099567,0.905829596412556,0.8146551724137931,0.823394495412844,0.7881548974943052,0.8173913043478261,0.9310344827586207,0.9527027027027027,0.9197080291970803,0.9401709401709402,0.9460043196544277,0.8284960422163589,1.0,0.8717948717948718,0.8693790149892934,0.8857758620689655,0.9112554112554112,0.8537117903930131,0.8921348314606742,0.8617710583153347,0.8793859649122807,0.9027149321266968,0.6989247311827957,0.9068736141906873,0.8986784140969163,0.8717391304347826,0.8663594470046083,0.9466950959488273,0.8950892857142857,0.8978260869565218,x,0.9341463414634147,0.905829596412556,0.9206730769230769,0.941358024691358,0.9153318077803204,0.8888888888888888,0.9534883720930233,0.8577878103837472,0.9333333333333333,0.7865853658536586,0.9392624728850325,0.8876146788990825,0.8316831683168316,0.7939914163090128,0.8847826086956522,0.9048780487804878,0.8501291989664083,0.9703196347031964,0.9634146341463414,0.9501084598698482,0.7002583979328165,0.9446808510638298,0.8387096774193549,0.8149038461538461,0.9612903225806452,0.7769607843137255,0.9148936170212766,0.8950749464668094,0.9391304347826087,0.7953586497890295,0.8512035010940919,0.9229074889867841,0.8267326732673267,0.89749430523918,0.9081632653061225,0.9247311827956989,0.7292993630573248,0.9407582938388626,0.8042452830188679,0.8688172043010752,0.88,0.9622222222222222,0.8517587939698492,0.8951048951048951,0.9686800894854586,0.956140350877193,0.8945054945054945,0.8453333333333334,0.9478908188585607,0.92,0.8595238095238096,0.8300220750551877,0.9152941176470588,0.8676470588235294,0.9319899244332494,0.9028077753779697,0.948780487804878,0.839572192513369,0.9496021220159151,0.8820960698689956,0.9313984168865436,0.9151785714285714,0.7956656346749226,0.8354978354978355
OKL000256,0.8693181818181818,0.8401559454191033,0.9284294234592445,0.8571428571428571,0.8381374722838137,0.8499025341130604,0.8333333333333334,0.869140625,0.7710084033613446,0.8562628336755647,0.7416173570019724,0.8791423001949318,0.8613445378151261,0.849015317286652,0.8619329388560157,0.8521400778210116,0.8822115384615384,0.8717948717948718,1.0,0.9459459459459459,0.8125,0.8440545808966862,0.7948717948717948,0.8326530612244898,0.8226120857699805,0.9165009940357853,0.8588957055214724,0.7579617834394905,0.8469184890656064,0.8273809523809523,0.7945205479452054,0.8016701461377871,0.8452611218568665,0.8537074148296593,0.8215686274509804,x,0.8797327394209354,0.8245967741935484,0.8456521739130435,0.8661202185792349,0.9137577002053389,0.8169556840077071,0.864244741873805,0.8065173116089613,0.8555133079847909,0.840782122905028,0.8725490196078431,0.8312236286919831,0.911504424778761,0.8554913294797688,0.9256360078277887,0.8577777777777778,0.9101382488479263,0.8695652173913043,0.8872017353579176,0.8830409356725146,0.7931034482758621,0.8541266794625719,0.9100418410041841,0.9046563192904656,0.8776699029126214,0.7221006564551422,0.8400770712909441,0.9364161849710982,0.8549019607843137,0.7352380952380952,0.7790927021696252,0.8435643564356435,0.89086859688196,0.8081632653061225,0.8259860788863109,0.8635477582846004,0.8343023255813954,0.851380042462845,0.8669527896995708,0.8433268858800773,0.9498806682577565,0.846307385229541,0.9229024943310657,0.826722338204593,0.8704453441295547,0.8656126482213439,0.8201581027667985,0.8969555035128806,0.8685968819599109,0.86,0.7910447761194029,0.7742574257425743,0.8326271186440678,0.8977272727272727,0.8853932584269663,0.8294117647058824,0.8463251670378619,0.9294403892944039,0.8981042654028436,0.8156862745098039,0.8608490566037735,0.8353413654618473,0.8661202185792349,0.9060665362035225
OKL000203,0.8757062146892656,0.8326848249027238,0.9128712871287129,0.8535645472061657,0.8425720620842572,0.8501945525291829,0.8377281947261663,0.8693957115009746,0.7719665271966527,0.8673469387755102,0.7283464566929134,0.8696498054474708,0.870020964360587,0.8496732026143791,0.8681102362204725,0.8563106796116505,0.891566265060241,0.8693790149892934,0.9459459459459459,1.0,0.7933723196881092,0.8524271844660194,0.7917485265225933,0.8191056910569106,0.8073929961089494,0.9128712871287129,0.8486707566462167,0.765079365079365,0.8330019880715706,0.8174603174603174,0.779296875,0.7958333333333333,0.8416988416988417,0.8423153692614771,0.8277886497064579,x,0.8866666666666667,0.8209255533199196,0.8524945770065075,0.8633879781420765,0.8957055214723927,0.8122605363984674,0.8645038167938931,0.7942973523421588,0.8846153846153846,0.8324022346368715,0.8767123287671232,0.8361344537815126,0.8874172185430463,0.8546511627906976,0.9142300194931774,0.8422222222222222,0.9076212471131639,0.8739669421487604,0.8850325379609545,0.8869395711500975,0.7931034482758621,0.8620689655172413,0.9121338912133892,0.88470066518847,0.8662790697674418,0.7127192982456141,0.8442307692307692,0.9229287090558767,0.8571428571428571,0.7357414448669202,0.7736220472440944,0.8537549407114624,0.8797327394209354,0.814663951120163,0.8228438228438228,0.877431906614786,0.8197674418604651,0.8789808917197452,0.8623655913978494,0.8317214700193424,0.930952380952381,0.8472222222222222,0.9178082191780822,0.8197064989517819,0.8707070707070707,0.8619329388560157,0.8181818181818182,0.8782201405152225,0.8788546255506607,0.864,0.7953091684434968,0.7738095238095238,0.8329809725158562,0.9020501138952164,0.8741573033707866,0.837573385518591,0.8691796008869179,0.926829268292683,0.8904761904761904,0.8192534381139489,0.851063829787234,0.8296593186372746,0.8493150684931506,0.8962818003913894
OKL000178,0.8171428571428572,0.8877952755905512,0.838,0.884990253411306,0.9282511210762332,0.8976377952755905,0.9158110882956879,0.7731755424063116,0.8921775898520085,0.7479338842975206,0.8946322067594433,0.8919449901768173,0.8604651162790697,0.8982300884955752,0.878727634194831,0.888015717092338,0.7597087378640777,0.8857758620689655,0.8125,0.7933723196881092,1.0,0.8976377952755905,0.8670634920634921,0.9094650205761317,0.9037328094302554,0.8096192384769539,0.890495867768595,0.643312101910828,0.8975903614457831,0.8957915831663327,0.9171597633136095,0.9117647058823529,0.90625,0.9127789046653144,0.9007936507936508,x,0.8769574944071589,0.8882113821138211,0.9037199124726477,0.8767123287671232,0.8506224066390041,0.9105058365758755,0.8980769230769231,0.8907216494845361,0.9080459770114943,0.7528089887640449,0.8952569169960475,0.8832271762208068,0.78125,0.7627450980392156,0.8307086614173228,0.8984198645598194,0.7962962962962963,0.8918918918918919,0.8945054945054945,0.8821218074656189,0.6496519721577726,0.9166666666666666,0.7705263157894737,0.7522321428571429,0.9019607843137255,0.8593406593406593,0.9066147859922179,0.8284600389863548,0.9089108910891089,0.8557692307692307,0.8869047619047619,0.872,0.7775280898876404,0.9117043121149897,0.8618266978922716,0.8877952755905512,0.7,0.8760683760683761,0.7396963123644251,0.845703125,0.8269230769230769,0.8812877263581489,0.7949308755760369,0.8983050847457628,0.8916155419222904,0.8824701195219123,0.9181636726546906,0.7957244655581948,0.8921348314606742,0.9030303030303031,0.9032258064516129,0.8937875751503006,0.8653846153846154,0.8068965517241379,0.8758465011286681,0.906930693069307,0.8635346756152126,0.7783251231527094,0.882494004796163,0.9148514851485149,0.8933649289099526,0.9171717171717172,0.7307692307692307,0.7928994082840237
